986
515
1462
992
1323
1514
1021
750
1959
1342
822
1417
164
1474
588
793
1994
1453
1905
1928
399
669
564
1850
385
657
314
948
1287
1925
235
1750
900
1034
1507
1481
1795
178
603
1488
1340
1794
1633
930
1259
1398
1272
272
25
894
1003
1964
1008
835
192
1316
1117
85
271
1290
409
864
724
196
154
646
419
831
1972
1939
773
1579
1709
1902
437
1898
203
995
1066
1031
523
1077
683
1716
1182
1554
417
289
1740
1574
1382
811
696
745
43
1662
121
574
1584
308
1803
1646
655
2036
510
645
97
1689
2070
48
891
667
824
108
1413
1075
1550
861
671
873
299
1073
1762
619
2010
333
293
1918
142
1496
1319
604
1630
428
616
1668
1916
201
1455
1098
909
1519
814
614
472
139
1644
1885
819
934
716
703
63
123
2098
624
1931
2038
1929
27
1265
1016
334
836
78
1383
328
1543
2097
597
1012
1007
1946
1600
531
935
1806
887
261
1315
1309
1788
2039
637
18
538
1004
49
150
865
1720
890
1712
1019
450
942
968
1551
2002
349
1539
284
7
1291
979
1653
1545
502
1064
427
